16453
13693
61664
27691
25945
25071
15186
35097
34944
56554
63069
20671
48233
42904
3295
29740
52852
42977
53205
54386
5189
13404
44578
42722
63993
5575
13361
15171
934
10261
919
46132
5852
37440
62741
18749
9415
54091
56183
22953
16644
18749
54210
36157
62764
1015
55654
65108
10954
38492
35760
22143
24173
39989
65349
27977
21378
1789
55934
18120
9126
12177
18765
55125
2406
41680
62452
10526
34910
41903
44765
560
48993
12993
8232
62305
34569
55652
56488
28021
5240
35447
14604
40759
54895
13211
10277
8218
10181
27866
23538
54555
52905
27018
36729
49970
31039
32852
27344
14983
63356
29207
5178
43310
42189
60343
59467
37505
43818
32369
25263
25335
47705
41219
20690
50693
49704
59961
33424
36478
53986
3958
21085
22554
44346
49102
16723
40114
51137
62116
11151
49035
48353
61315
8576
26348
40609
14456
2628
40585
38444
41182
56759
36424
20961
33882
30949
54966
65094
5415
63817
51573
6744
43510
51444
1629
14176
27363
27539
30708
17594
38460
61617
4572
8912
12805
11914
3035
59924
33186
32981
64123
15739
10475
23572
7553
38938
62166
11944
27187
21731
43639
37164
18104
4931
3393
60948
2610
33919
19927
32995
13682
57835
58155
48735
61454
42019
63701
64706
49141
15601
1873
7083
11250
53673
11690
15135
9989
22423
26171
32393
51274
10529
44490
53085
7326
44431
33712
29203
22948
4143
41750
39750
38946
11131
38154
36974
37847
45670
24930
64465
64292
37716
38217
9396
14247
28106
31314
38685
35879
29555
23599
18571
4715
63424
19939
31857
55035
25653
62913
4867
46967
62487
31285
47743
5274
1399
62441
54641
4434
37109
36197
11073
22176
25189
14381
29276
59118
31694
9358
63531
54470
63308
49068
37327
63339
11451
13110
17557
25860
37496
20425
54659
23856
5831
34506
32640
55600
44619
32325
14011
32577
50449
47604
6445
46931
45070
29617
26339
63034
19931
46035
48171
33784
44089
62318
25377
28746
52704
32635
46268
41006
60955
43173
27265
52755
53136
49212
58577
36636
34359
29687
11633
26703
39676
18318
32234
20793
36793
31177
23710
44193
27812
22958
48549
26017
45764
64871
46206
1520
31341
65091
5319
60438
42651
43373
16909
21287
32609
21142
29690
21659
7121
49704
58509
1362
16405
13111
62639
963
33799
58077
65349
23645
6858
47899
47036
21790
41450
21299
58784
8176
16294
1670
40621
28507
43373
46632
51996
41016
40606
24662
30703
28689
64888
53314
59372
49293
61934
32897
20801
36667
17804
26363
4670
19531
36141
51921
59152
64739
43790
51079
17290
56397
49778
36149
37546
25992
35634
22392
24661
8663
49150
5442
44152
15402
53201
44515
8279
33265
49768
5283
4763
8993
28297
6155
9189
35442
22607
13464
26538
3869
17141
6310
6925
61496
15861
59600
43110
2542
38392
25938
25050
29790
2145
35385
60059
52477
10564
8653
40076
17505
28879
33417
29339
50580
35747
40186
44499
10111
37540
55706
53225
30550
53188
40910
55384
4565
55080
50677
23837
39822
31855
29357
64531
33779
39851
64006
21001
52782
45678
6618
42827
29682
55281
18406
37544
5037
4515
60918
8753
23374
11256
56758
34920
1300
56309
41393
45949
27388
50548
52465
40652
63989
12833
64054
7032
54660
32416
50990
28547
6672
2980
64494
43612
38191
28985
64327
17760
56037
47145
4502
26105
4711
63934
50641
24811
3965
20050
49120
27133
38137
53324
30805
21597
23328
26805
52224
3416
30931
28091
53960
57416
35269
63334
22501
24220
46424
27849
60197
62783
2935
47467
23317
14404
25728
63599
10022
57926
37370
9969
2884
34131
40275
41416
40070
17099
39519
12832
15413
19881
9071
10508
42060
62077
32354
18909
31373
51461
9127
56980
44534
10317
33729
30445
43389
1684
29698
16871
26523
56650
16855
16685
14215
44668
37769
28221
8272
53071
41014
18401
37582
460
62649
46349
57954
49818
41747
7508
24977
33978
62355
32889
9023
8384
13477
827
10204
44573
13962
14519
3859
46766
7396
39583
28561
36482
8150
28889
26231
7821
25408
30528
15420
41050
25320
4224
40123
21966
26680
52146
36971
55823
51212
35162
26025
6833
7917
4260
3703
43535
42600
26758
10687
61431
61722
40730
19184
48135
41714
48444
59465
4281
526
45699
15138
17901
53513
57160
59100
12657
46986
11507
18012
8854
26563
6459
11788
42683
43436
50419
58618
12002
56613
39785
15214
28006
23869
63906
25681
13772
24279
58897
33074
39619
30220
18215
23298
14060
19969
35392
17396
61285
24894
39587
38233
64036
39530
47702
10123
41390
53664
61992
50603
45724
38660
42044
17379
63709
51833
27242
4333
59968
10368
63658
60235
64643
24420
47391
41971
3665
64656
21531
25518
20360
49700
14424
55805
48352
52981
30523
46235
18740
45461
13366
8603
25121
40834
24060
21540
33231
57100
8649
47359
52228
8875
19866
60654
21471
27099
49931
36686
6521
42066
58169
45057
17947
8908
301
5247
53833
2782
1510
42271
60795
58309
29624
34265
886
42714
24610
13518
39459
59873
8251
20788
62328
413
44619
46921
3322
51896
64369
32100
24807
60353
49281
11266
34601
20390
6712
41629
17734
41573
34776
23923
49122
15419
19887
57766
50448
135
59388
40293
45093
50996
6994
29980
19784
22499
20383
62956
44889
22437
40698
60463
56851
47928
19264
9145
3829
59941
59914
55959
10534
14804
24374
61057
16033
23606
57402
52642
31260
51907
30473
31911
34155
48695
26553
41630
22000
27666
8579
3936
34831
46734
65448
61188
24115
18675
41469
11504
10084
62175
29988
1816
19382
36798
39135
40659
48497
40586
31822
21505
50123
65294
42578
53727
25281
55217
26663
5739
25163
6030
62349
5811
45289
9862
6422
26435
37378
19990
85
63750
27236
3252
32626
17457
46145
36932
27526
25764
35643
56578
48246
47551
42904
60334
44736
38710
35091
11678
349
51564
62744
11845
61078
60946
62612
25001
51626
32270
51856
58535
4569
30658
16728
63721
62153
48449
28574
12630
19408
53492
13502
36546
32902
51404
4757
38445
9852
15619
24405
46039
37663
3894
41353
61305
58194
6739
4044
6140
12503
57077
58118
36503
47586
52002
24963
52305
2651
52208
10557
38901
5479
60310
25658
49065
20060
6982
51640
34528
29513
13857
56689
63919
63021
21886
64205
65404
60908
51084
53120
33617
45649
13227
55154
58816
53357
35889
50543
23912
49972
30749
4395
1653
51483
32838
56858
24756
