57596
52153
31511
34450
30091
61962
42345
38367
41932
62710
32615
36038
48029
19638
62907
35683
15805
64473
40971
43102
7743
7825
10402
14208
13721
50571
6641
30803
29450
42597
41490
23771
34042
63699
24230
24588
61432
7951
34714
4868
32885
7718
17712
65056
50987
6201
51221
12667
55796
56066
61615
52712
60347
39189
16508
30237
54073
16397
13385
58786
15139
51616
29694
29412
48077
56728
58158
31023
24617
8016
10450
10514
17099
22164
51896
1963
50527
4656
15969
6701
64070
30217
3075
57430
54925
12219
15545
33142
42823
24483
10600
63911
41387
63773
28792
23211
40596
20463
25538
60276
41276
23180
57736
54600
31683
34113
62078
15227
6946
45547
5738
54689
62797
22141
14514
4565
2129
19184
24811
12147
28065
12581
22749
55555
60139
61290
25719
22486
9830
13423
28681
17325
20914
43649
41328
26288
43127
25415
20569
45116
2258
9709
5163
25095
2113
62332
51805
59631
8565
6281
24976
63444
11146
5241
29598
52492
2733
5582
40565
64837
6868
42068
24643
34380
61325
44545
31267
17530
46557
44548
29899
35761
28570
14132
30649
39989
55271
14363
52263
55632
36821
51034
60744
5907
5593
57158
11719
29394
29715
57367
45786
2609
50525
62573
46679
31910
2408
3333
50892
36192
59777
23123
42307
63029
19405
15762
45100
43344
63126
10978
47167
25988
14929
62404
4854
51782
7229
16548
40303
37660
56950
31088
48488
32849
59880
7444
52189
52017
1167
11708
28882
4110
44863
18617
33131
63295
25662
42239
52106
55658
61224
13877
48231
18874
361
50505
1261
9218
39280
58833
50791
9074
32572
16942
40869
29435
33860
793
19750
20678
63516
55966
53634
7290
52221
64152
5492
47845
44702
33765
9136
33572
21754
37327
2945
12171
38104
15646
47389
64059
43123
57314
54030
61463
14517
40616
48193
3907
51866
8632
326
20202
7443
22913
45237
44622
30056
51301
55642
49242
59602
49786
51262
22609
22754
19754
48152
27315
7726
13754
58935
27944
40648
51830
31252
28431
15859
38661
44932
23843
62700
5515
24353
56070
21364
29605
57473
28742
52903
6354
7476
29044
59214
21259
9599
45975
25389
31483
46058
16092
16486
37743
56795
34595
11183
13155
4422
15395
43940
51215
33976
14744
18831
34939
28529
6321
15454
61134
62940
6293
18974
6410
25210
41772
6258
64338
26708
24339
12950
64924
8304
11864
60550
9716
50115
30093
40027
50032
52572
48604
38382
9477
59534
2501
61091
65201
31700
48365
26915
63309
40523
40514
28703
30170
8785
32544
48351
11976
7965
21496
64
29827
64622
53739
35637
47867
41450
55984
50478
43008
44730
29581
2886
2668
55440
42775
141
1163
2770
23147
8038
64281
4746
51087
35498
38376
32980
22037
21718
31221
38820
62259
10418
51889
8820
47493
64342
57795
55734
47262
4085
48583
39748
27728
35915
8676
20356
1125
28019
15756
43243
63183
12849
30175
9782
37211
46632
54500
28000
56187
49804
65219
31239
14095
55759
58919
27762
54794
58786
57258
29221
29976
12064
64637
9506
26378
30884
38646
28378
3090
5557
54349
65180
26861
28691
11793
29815
61310
55070
16313
45018
18924
41356
33232
8354
24018
17873
63573
24633
60435
